Russia
17,098,242
143,800,000
Canada
9,984,670
35,427,524
China
9,596,961
1,350,695,000
United States
9,629,091
318,406,000
Brazil
8,515,767
201,032,714
Australia
7,692,024
23,555,745
India
3,287,590
1,210,193,444
Argentina
2,780,400
41,660,417
Kazakhstan
2,724,900
17,948,816
Mexico
1,972,550
118,395,054
Peru
1,285,216
30,814,175
Colombia
1,141,748
47,425,437
Egypt
1,002,450
86,502,500
Turkey
783,562
76,667,864
Chile
756,102
17,772,871
France
640,679
66,616,416
Ukraine
603,628
44,291,413
Madagascar
587,041
22,005,222
Spain
504,645
46,704,314
Sweden
449,964
9,658,301
